%%% CODeM7 (P2) %%% The last two decision variables are fixed for PF x3 = 2.1, x4 = 2.8, x5 = 3.5

%%% Robust Pareto-optimal front %%%

index_dir_P2_robust = [1 24 4 141 5 29 12 7 125 2];

f_P2_robust = [2.3101e-11 5.7999 ; 1.3458 4.3047 ; 0.20911 5.1747 ; 0.22734 5.1544 ; 0.49427 4.9945 ; 1.0849 4.5906 ; 1.0387 4.6301 ; 0.031881 5.5042 ; 0.51839 4.9812 ; 0.41134 5.03 ; 0.94803 4.7084 ; 0.85648 4.7793 ; 0.92751 4.7331 ; 0.0016932 5.7088 ; 0.049935 5.4422 ; 1.1456 4.5284 ; 0.93776 4.7163 ; 0.01958 5.5547 ; 1.1194 4.555 ; 1.2322 4.4362 ; 0.77008 4.8406 ; 0.7263 4.8681 ; 0.36389 5.046 ; 0.11134 5.3088 ; 0.39249 5.035 ; 0.83631 4.7938 ; 1.058 4.6129 ; 1.0643 4.6069 ; 0.67528 4.8985 ; 0.014124 5.5967 ; 1.01 4.6561 ; 0.55294 4.9648 ; 0.0007315 5.7344 ; 0.060252 5.4166 ; 1.0176 4.6491 ; 0.43628 5.0182 ; 0.48108 5.0006 ; 0.16415 5.2326 ; 0.098201 5.332 ; 0.46785 5.0053 ; 0.97762 4.6833 ; 0.041373 5.4753 ; 0.42773 5.0242 ; 1.2712 4.3919 ; 1.2458 4.4213 ; 0.87682 4.7638 ; 0.32329 5.0726 ; 0.96476 4.6972 ; 0.65021 4.9127 ; 1.3118 4.3438 ; 1.1012 4.5718 ; 0.74571 4.8567 ; 0.68784 4.891 ; 0.99661 4.6679 ; 0.88695 4.7557 ; 1.33 4.322 ; 0.00039446 5.7487 ; 0.023339 5.536 ; 1.1651 4.508 ; 0.1941 5.1916 ; 0.0056947 5.6529 ; 0.15254 5.2455 ; 0.52463 4.9779 ; 0.046262 5.4534 ; 0.27851 5.1063 ; 0.17493 5.2147 ; 0.29195 5.0947 ; 0.066043 5.4003 ; 1.1779 4.4948 ; 0.16835 5.2231 ; 1.2911 4.3686 ; 1.1371 4.5365 ; 1.2498 4.4165 ; 0.29386 5.0927 ; 0.23933 5.1422 ; 0.78538 4.8288 ; 0.96787 4.6914 ; 0.63373 4.9223 ; 1.3214 4.3322 ; 1.2124 4.4624 ; 0.45257 5.0109 ; 0.3074 5.0818 ; 0.14189 5.2603 ; 0.6171 4.9312 ; 0.82141 4.8046 ; 1.3014 4.3567 ; 0.041484 5.4753 ; 0.6391 4.919 ; 0.18438 5.203 ; 0.9881 4.6744 ; 1.0301 4.6376 ; 0.0042838 5.6671 ; 0.58205 4.9501 ; 0.84503 4.7879 ; 1.3368 4.3144 ; 1.2643 4.4007 ; 0.069397 5.3924 ; 0.27002 5.1182 ; 0.30704 5.0821 ; 0.00011488 5.7687 ; 1.6325e-05 5.7857 ; 0.38289 5.0426 ; 0.010049 5.6118 ; 0.56532 4.9578 ; 0.91328 4.7376 ; 0.90171 4.7546 ; 0.0074819 5.6333 ; 1.1923 4.4796 ; 0.015817 5.5748 ; 0.087736 5.3524 ; 1.0926 4.5805 ; 1.2181 4.4531 ; 0.081008 5.3676 ; 0.015816 5.5748 ; 0.54086 4.9744 ; 0.026338 5.5274 ; 0.71988 4.8718 ; 0.79735 4.8208 ; 0.073608 5.3825 ; 1.1879 4.4842 ; 0.54182 4.9737 ; 0.0027529 5.6881 ; 1.2255 4.4435 ; 0.094662 5.3403 ; 1.2047 4.4662 ; 0.060759 5.4133 ; 0.45389 5.01 ; 0.08121 5.3671 ; 1.2814 4.3802 ; 0.66404 4.9068 ; 0.18142 5.2069 ; 0.60494 4.9385 ; 1.2591 4.4066 ; 0.0027384 5.6884 ; 0.0073449 5.6341 ; 0.56532 4.9578 ; 0.85093 4.7836 ; 0.66321 4.9075 ; 0.78749 4.8275 ; 0.19311 5.1927 ; 0.3359 5.0606 ; 0.60755 4.9364 ; 0.70605 4.8823 ; 0.76231 4.8472 ; 1.2966 4.3672 ; 0.14816 5.2509 ; 0.69648 4.8858 ; 0.088394 5.3511 ; 0.8112 4.8124 ; 0.58217 4.95 ; ];

x_P2_robust = [0.7 1.4 2.1 2.8 3.5 ; 2 8.4973e-10 3.3755e-11 3.8647e-11 10 ; 0.67377 1.419 0.034781 1.0821 1.5915 ; 0.70052 1.4228 0.023957 2.816 9.5189 ; 0.70296 0.67572 0.00097022 0.13477 9.9843 ; 1.7653 0.15414 0.32831 0.13486 9.8851 ; 1.9007 0.44624 0.014932 0.042808 9.9981 ; 0.7 1.4943 1.9556 1.6028 2.946 ; 0.69309 0.63485 0.015167 0.0090825 9.9968 ; 0.8572 0.94687 0.025168 0.054579 9.871 ; 1.8392 0.54967 0.020981 0.00046564 9.7254 ; 0.88571 0.0331 0.01155 0.02404 9.8609 ; 1.746 0.40746 0.57676 0.033596 9.9655 ; 0.70925 1.4 1.882 2.7972 3.5 ; 0.70389 1.4214 2.854 1.3283 4.7283 ; 1.7424 0.049072 0.005643 0.060445 9.3258 ; 1.8717 0.63485 0.013854 0.043052 9.9981 ; 0.71413 1.4265 2.191 4.4648 4.5886 ; 1.9955 0.37769 0.21411 0.12506 9.9999 ; 1.8506 0.0094827 1.8636e-05 0.22911 9.6345 ; 1.7262 0.83352 0.0051996 0.15703 9.9905 ; 0.88571 0.24241 0.01155 0.02404 9.8666 ; 0.59033 1.4863 0.027889 0.0036971 9.9845 ; 0.68823 1.389 2.7278 0.28029 3.2336 ; 0.69044 1.0199 0.015223 0.011062 9.9903 ; 1.9545 1.4503 0.035405 0.026696 9.9852 ; 1.9979 0.53068 0.12182 0.022393 9.9095 ; 1.7262 0.18427 0.0053308 0.15703 9.9905 ; 1.5176 0.78689 0.0053308 0.00065313 9.901 ; 0.67723 1.5078 3.1937 2.9489 3.7743 ; 1.8543 0.43007 0.12683 0.028132 9.9884 ; 0.66968 0.55621 0.015759 0.011095 9.9545 ; 0.70007 1.4061 2.3281 2.8091 3.7331 ; 0.6739 1.4125 3.0476 2.6769 1.4004 ; 1.9952 0.63485 0.087908 0.0085253 9.9895 ; 0.85437 0.87514 0.0052168 0.0014626 9.8584 ; 0.70296 0.70714 0.086138 0.032236 9.9874 ; 0.64713 1.4042 0.11686 2.7018 1.4345 ; 0.7 1.3988 0.30152 2.6588 3.5115 ; 0.85437 0.7745 0.0058111 0.02404 9.8584 ; 1.7627 0.39657 0.0051646 0.026792 9.9856 ; 0.77476 1.389 2.0372 1.3451 3.3762 ; 0.66182 0.8578 0.0056185 0.011317 9.6156 ; 1.9856 0.090512 0.12004 0.16109 9.9987 ; 1.9246 0.081713 0.025168 0.032418 9.9061 ; 0.60717 0.0030012 0.036298 0.010819 9.998 ; 0.68398 1.6854 0.084074 0.05778 9.1378 ; 1.9174 0.59741 0.18926 0.14932 9.9075 ; 0.58822 0.39064 0.00563 0.012104 9.9875 ; 1.9934 0.023405 0.21909 0.12506 9.9881 ; 1.6881 0.089376 0.054528 3.8647e-11 9.9063 ; 1.7489 0.97233 0.0051743 0.011317 9.6394 ; 1.5651 0.8256 0.020209 0.0027409 9.9751 ; 1.8543 0.45751 0.12683 0.028132 9.974 ; 0.91412 8.4973e-10 3.3755e-11 0.00036808 9.9956 ; 1.9945 0.0030012 0.13195 0.040231 9.863 ; 0.7 1.3988 2.1 2.6588 3.5 ; 0.6991 1.4002 1.6851 4.5446 3.2154 ; 1.8747 0.16047 0.025276 0.15458 9.9577 ; 0.68932 1.4544 2.5148 0.66282 9.7776 ; 0.6881 1.389 2.7278 3.284 3.3762 ; 0.70231 1.4943 0.034155 1.6028 2.946 ; 0.69309 0.62282 0.0039375 0.0077695 9.9993 ; 0.68877 1.4135 2.7221 4.4219 6.3865 ; 0.66846 1.4042 0.11686 0.0001004 1.3421 ; 0.69355 1.4001 2.4513 0.95776 9.7438 ; 0.67391 1.3869 0.12461 0.51581 9.4565 ; 0.70776 1.435 2.6984 0.93196 3.9504 ; 1.853 0.10466 0.11807 0.15196 9.9075 ; 0.70885 1.4006 2.0583 0.044672 7.3119 ; 1.9532 0.021894 0.21709 0.0076044 9.9584 ; 1.7777 0.11278 0.010808 0.10804 9.9646 ; 1.9841 0.13437 0.11075 0.052886 9.9987 ; 0.70901 1.3982 0.12019 0.47765 9.4565 ; 0.70918 1.3852 1.7153 0.12506 9.9904 ; 1.6975 0.75828 0.0052138 0.012126 9.9858 ; 1.9956 0.78708 0.0057216 3.8647e-11 9.9173 ; 0.65461 0.39657 0.0054832 0.026792 9.9655 ; 1.9856 0.0039476 0.12004 0.15963 9.9577 ; 1.8506 0.0094827 1.8636e-05 0.80809 9.6396 ; 0.6013 0.83845 0.0054377 0.032302 9.9851 ; 0.70901 1.3988 0.12019 0.47765 9.9139 ; 0.68932 1.4544 1.6104 4.4834 9.7694 ; 0.60733 0.44478 0.015582 0.011095 9.9983 ; 1.875 1.0158 0.0056247 0.05362 9.9162 ; 1.9457 0.0030012 0.13195 0.03205 9.985 ; 0.65877 1.389 2.0372 1.3451 3.3762 ; 0.64654 0.39064 0.00563 0.014256 9.9875 ; 0.70776 1.4353 0.00039575 0.93196 3.9504 ; 1.5651 0.17635 0.02034 0.0027409 9.9751 ; 2 0.62534 0.00037504 0.0092634 9.9904 ; 0.70052 1.4228 2.7473 2.816 3.449 ; 0.67039 0.49478 0.015759 0.013191 9.9572 ; 1.9705 1.406 0.060156 0.042808 9.9981 ; 1.9945 0.00016325 0.05405 0.0065917 9.863 ; 1.9856 0.082008 0.36516 0.16175 9.9987 ; 0.68831 1.3985 1.4547 4.009 7.3119 ; 0.85437 1.4226 0.0052168 0.077742 6.3733 ; 0.70901 1.3785 0.12019 0.48581 9.9139 ; 0.7 1.3999 2.1 2.7875 3.4062 ; 0.7 1.4 2.1132 2.8 3.5628 ; 0.64188 1.0273 0.0068258 0.048749 9.6398 ; 0.7 1.3999 2.1 2.9954 2.6043 ; 1.5043 1.39 3.3755e-11 0.0043454 10 ; 0.47108 0.0030012 0.13195 0.040231 9.858 ; 1.8424 0.5893 0.019665 0.68801 9.7251 ; 0.71189 1.4 1.6345 2.8 3.5 ; 1.8424 0.082609 0.020094 0.12955 9.9825 ; 0.69115 1.4002 2.1 4.488 3.6161 ; 0.70885 1.4006 2.0583 1.2939 7.3119 ; 1.6881 0.092541 0.13243 0.046822 9.9074 ; 1.979 0.15414 0.35018 0.13486 9.8838 ; 0.74063 1.4152 1.4612 4.033 7.7622 ; 0.6912 1.4002 2.1 4.488 3.6161 ; 0.66968 0.55621 0.16475 0.011095 9.9569 ; 0.70595 1.345 1.2395 3.144 3.4554 ; 1.7769 1.5602 0.029985 0.026696 9.9904 ; 1.8955 1.3972 0.00028204 0.042808 9.9981 ; 0.70885 1.4005 1.4547 4.3272 7.3119 ; 1.8424 0.091113 0.0089958 0.12889 9.9826 ; 0.66968 0.55621 0.16465 0.010951 9.9915 ; 0.70052 1.4 1.8186 2.8306 3.5 ; 1.8412 0.021852 0.021051 0.00046564 9.5441 ; 0.7 1.494 1.9556 0.51378 2.946 ; 1.8424 0.061706 0.019734 0.012094 9.7124 ; 0.69188 1.4125 3.0476 2.6769 1.3704 ; 0.6013 0.83845 0.0056247 0.01211 9.9852 ; 0.74063 1.3954 1.4612 4.0506 7.7622 ; 1.95 0.022085 0.060466 0.43994 9.9903 ; 1.5176 0.80115 0.0054219 0.15013 9.9888 ; 0.68972 1.4544 2.5166 0.70925 9.4672 ; 